116
456  0.401177  
455  0.411395  
453  0.406003  
430  0.414532  
420  0.439345  
409  0.405820  
393  0.412286  
319  0.406544  
309  0.447114  
297  1.000000  
296  0.942657  
295  0.958547  
284  0.891382  
283  0.927120  
282  0.917022  
281  0.874579  
280  0.929529  
269  0.784602  
268  0.823595  
267  0.858094  
266  0.821205  
255  0.947474  
254  0.915280  
253  0.934004  
252  0.973854  
251  0.964748  
250  0.957046  
249  0.961045  
238  0.927254  
237  0.902067  
236  0.878912  
235  0.909850  
224  0.914135  
223  0.952774  
222  0.951288  
221  0.925236  
220  0.905458  
219  0.889922  
208  0.853609  
207  0.848599  
206  0.843620  
205  0.831124  
204  0.871464  
203  0.830268  
202  0.855154  
201  0.833955  
200  0.845273  
189  0.905482  
188  0.869851  
187  0.798728  
186  0.870106  
185  0.855710  
184  0.849281  
183  0.868357  
182  0.910351  
181  0.825315  
180  0.872919  
169  0.961973  
168  0.891024  
167  0.906016  
156  0.884993  
155  0.869418  
154  0.845521  
153  0.829323  
152  0.837373  
151  0.878363  
150  0.845897  
139  0.885996  
138  0.879189  
137  0.884728  
136  0.880990  
135  0.922682  
124  0.885382  
123  0.933426  
122  0.887192  
121  0.876335  
120  0.876158  
119  0.843560  
118  0.891467  
117  0.913424  
116  0.868750  
105  0.867765  
104  0.831168  
103  0.834625  
102  0.864278  
91  0.884010  
80  0.964087  
79  0.940129  
78  0.930650  
67  0.862353  
66  0.866088  
55  0.828895  
54  0.875906  
53  0.860185  
52  0.857413  
51  0.831297  
50  0.842675  
39  0.896317  
38  0.880331  
37  0.881596  
36  0.817339  
35  0.855865  
24  0.833310  
23  0.865496  
22  0.830292  
21  0.816624  
20  0.887058  
19  0.847969  
18  0.822286  
17  0.814956  
16  0.873001  
15  0.874985  
4  0.901582  
3  0.856595  
2  0.910717  
1  0.916043  

298
1  2  0.894750  
1  3  0.834063  
2  3  0.835486  
1  4  0.885577  
2  4  0.890072  
3  4  0.835532  
15  16  0.859286  
15  17  0.804876  
16  17  0.789023  
15  18  0.789903  
16  18  0.786271  
17  18  0.798143  
15  19  0.817487  
16  19  0.816157  
17  19  0.795424  
18  19  0.789728  
15  20  0.839422  
16  20  0.859857  
17  20  0.787884  
18  20  0.809309  
19  20  0.821111  
15  21  0.806799  
16  21  0.791154  
17  21  0.796893  
18  21  0.798461  
19  21  0.800045  
20  21  0.793055  
15  22  0.814771  
16  22  0.801690  
17  22  0.794946  
18  22  0.806553  
19  22  0.808983  
20  22  0.816396  
21  22  0.782883  
15  23  0.842262  
16  23  0.836605  
17  23  0.798664  
18  23  0.795655  
19  23  0.826342  
20  23  0.838801  
21  23  0.787061  
22  23  0.802072  
15  24  0.810789  
16  24  0.816897  
17  24  0.785005  
18  24  0.806517  
19  24  0.824155  
20  24  0.814633  
21  24  0.804450  
22  24  0.807182  
23  24  0.809189  
35  36  0.794212  
35  37  0.850161  
36  37  0.797917  
35  38  0.831447  
36  38  0.808784  
37  38  0.860853  
35  39  0.832671  
36  39  0.796016  
37  39  0.849903  
38  39  0.868672  
50  51  0.815625  
50  52  0.832631  
51  52  0.818956  
50  53  0.824639  
51  53  0.813388  
52  53  0.828336  
50  54  0.824025  
51  54  0.821110  
52  54  0.834924  
53  54  0.847764  
50  55  0.812933  
51  55  0.801958  
52  55  0.812353  
53  55  0.815021  
54  55  0.806869  
66  67  0.837327  
78  79  0.913904  
78  80  0.913389  
79  80  0.911760  
102  103  0.820008  
102  104  0.824868  
103  104  0.802997  
102  105  0.836412  
103  105  0.819124  
104  105  0.813021  
116  117  0.850794  
116  118  0.848289  
117  118  0.876937  
116  119  0.828155  
117  119  0.831356  
118  119  0.829772  
116  120  0.838798  
117  120  0.852475  
118  120  0.860418  
119  120  0.831539  
116  121  0.844640  
117  121  0.842550  
118  121  0.857314  
119  121  0.828239  
120  121  0.850404  
116  122  0.861086  
117  122  0.869738  
118  122  0.879242  
119  122  0.834819  
120  122  0.854884  
121  122  0.868210  
116  123  0.843490  
117  123  0.881110  
118  123  0.864672  
119  123  0.825318  
120  123  0.862783  
121  123  0.864718  
122  123  0.872322  
116  124  0.838417  
117  124  0.856901  
118  124  0.867379  
119  124  0.809940  
120  124  0.853048  
121  124  0.853821  
122  124  0.854937  
123  124  0.858109  
135  136  0.859049  
135  137  0.859748  
136  137  0.851606  
135  138  0.851450  
136  138  0.858672  
137  138  0.855145  
135  139  0.878260  
136  139  0.860930  
137  139  0.857879  
138  139  0.858277  
150  151  0.817320  
150  152  0.825447  
151  152  0.824619  
150  153  0.818068  
151  153  0.810003  
152  153  0.803587  
150  154  0.833114  
151  154  0.821458  
152  154  0.833610  
153  154  0.814470  
150  155  0.831853  
151  155  0.845722  
152  155  0.818279  
153  155  0.811878  
154  155  0.824365  
150  156  0.829975  
151  156  0.857757  
152  156  0.826691  
153  156  0.810574  
154  156  0.816813  
155  156  0.847756  
167  168  0.860615  
167  169  0.886054  
168  169  0.860544  
180  181  0.811085  
180  182  0.851590  
181  182  0.804027  
180  183  0.835015  
181  183  0.794843  
182  183  0.855150  
180  184  0.816138  
181  184  0.809114  
182  184  0.836032  
183  184  0.818382  
180  185  0.829601  
181  185  0.810281  
182  185  0.835501  
183  185  0.834669  
184  185  0.819301  
180  186  0.837215  
181  186  0.807538  
182  186  0.852777  
183  186  0.846343  
184  186  0.830348  
185  186  0.841393  
180  187  0.772234  
181  187  0.785628  
182  187  0.780076  
183  187  0.772275  
184  187  0.784557  
185  187  0.763868  
186  187  0.785354  
180  188  0.836052  
181  188  0.812830  
182  188  0.835380  
183  188  0.837972  
184  188  0.819774  
185  188  0.836936  
186  188  0.843534  
187  188  0.779637  
180  189  0.854065  
181  189  0.803610  
182  189  0.891849  
183  189  0.839918  
184  189  0.836764  
185  189  0.828024  
186  189  0.833592  
187  189  0.776166  
188  189  0.839446  
200  201  0.816617  
200  202  0.832850  
201  202  0.812378  
200  203  0.811483  
201  203  0.815194  
202  203  0.812513  
200  204  0.829469  
201  204  0.819483  
202  204  0.830184  
203  204  0.817467  
200  205  0.802776  
201  205  0.810241  
202  205  0.817352  
203  205  0.809728  
204  205  0.791240  
200  206  0.826016  
201  206  0.810063  
202  206  0.826967  
203  206  0.801117  
204  206  0.807333  
205  206  0.812640  
200  207  0.826731  
201  207  0.817657  
202  207  0.827323  
203  207  0.813804  
204  207  0.825725  
205  207  0.809886  
206  207  0.815774  
200  208  0.820361  
201  208  0.814716  
202  208  0.832103  
203  208  0.814527  
204  208  0.829342  
205  208  0.807343  
206  208  0.833988  
207  208  0.829794  
219  220  0.872764  
219  221  0.875888  
220  221  0.884981  
219  222  0.870160  
220  222  0.888055  
221  222  0.900957  
219  223  0.864420  
220  223  0.862596  
221  223  0.901765  
222  223  0.935622  
219  224  0.856790  
220  224  0.883067  
221  224  0.886459  
222  224  0.888584  
223  224  0.879000  
235  236  0.855347  
235  237  0.873487  
236  237  0.854881  
235  238  0.883418  
236  238  0.863837  
237  238  0.868260  
249  250  0.918491  
249  251  0.933185  
250  251  0.922838  
249  252  0.937711  
250  252  0.933772  
251  252  0.936725  
249  253  0.917997  
250  253  0.917602  
251  253  0.913932  
252  253  0.916140  
249  254  0.890363  
250  254  0.888112  
251  254  0.894646  
252  254  0.902953  
253  254  0.896353  
249  255  0.921390  
250  255  0.917810  
251  255  0.933098  
252  255  0.921235  
253  255  0.916694  
254  255  0.900863  
266  267  0.803781  
266  268  0.800888  
267  268  0.801122  
266  269  0.771668  
267  269  0.769353  
268  269  0.766979  
280  281  0.837663  
280  282  0.898190  
281  282  0.856553  
280  283  0.897931  
281  283  0.845721  
282  283  0.900364  
280  284  0.872668  
281  284  0.849494  
282  284  0.855940  
283  284  0.863364  
295  296  0.914573  
295  297  0.938493  
296  297  0.922377  

567
295  296  297  0.587928  
282  283  284  0.554988  
281  283  284  0.535888  
280  283  284  0.558352  
281  282  284  0.541710  
281  282  283  0.543947  
280  282  284  0.557154  
280  282  283  0.564616  
280  281  284  0.535098  
280  281  283  0.540473  
280  281  282  0.532536  
267  268  269  0.486367  
266  268  269  0.493555  
266  267  269  0.518369  
266  267  268  0.501976  
253  254  255  0.574399  
252  254  255  0.582631  
251  254  255  0.583378  
250  254  255  0.569277  
249  254  255  0.568498  
252  253  255  0.583211  
252  253  254  0.584892  
251  253  255  0.580504  
251  253  254  0.573583  
250  253  255  0.589505  
250  253  254  0.576482  
249  253  255  0.582421  
249  253  254  0.582236  
251  252  255  0.582197  
251  252  254  0.591253  
251  252  253  0.590203  
250  252  255  0.577438  
250  252  254  0.583339  
250  252  253  0.591397  
249  252  255  0.581870  
249  252  254  0.586479  
249  252  253  0.595738  
250  251  255  0.575936  
250  251  254  0.571177  
250  251  253  0.593002  
250  251  252  0.580643  
249  251  255  0.587564  
249  251  254  0.583184  
249  251  253  0.583100  
249  251  252  0.589634  
249  250  255  0.565019  
249  250  254  0.572770  
249  250  253  0.571885  
249  250  252  0.570948  
249  250  251  0.563447  
236  237  238  0.537597  
235  237  238  0.555833  
235  236  238  0.544831  
235  236  237  0.536020  
222  223  224  0.580223  
221  223  224  0.575821  
220  223  224  0.540481  
219  223  224  0.542878  
221  222  224  0.581218  
221  222  223  0.605523  
220  222  224  0.552971  
220  222  223  0.563600  
219  222  224  0.543794  
219  222  223  0.564265  
220  221  224  0.554236  
220  221  223  0.559495  
220  221  222  0.574353  
219  221  224  0.544811  
219  221  223  0.548473  
219  221  222  0.550751  
219  220  224  0.544915  
219  220  223  0.539399  
219  220  222  0.557733  
219  220  221  0.557607  
206  207  208  0.509165  
205  207  208  0.511895  
204  207  208  0.524074  
203  207  208  0.523000  
202  207  208  0.513421  
201  207  208  0.529083  
200  207  208  0.513612  
205  206  208  0.514657  
205  206  207  0.507845  
204  206  208  0.505533  
204  206  207  0.503196  
203  206  208  0.511757  
203  206  207  0.495339  
202  206  208  0.523070  
202  206  207  0.514214  
201  206  208  0.511510  
201  206  207  0.511713  
200  206  208  0.521453  
200  206  207  0.514338  
204  205  208  0.512663  
204  205  207  0.500307  
204  205  206  0.489434  
203  205  208  0.517971  
203  205  207  0.511106  
203  205  206  0.507949  
202  205  208  0.524342  
202  205  207  0.509931  
202  205  206  0.513331  
201  205  208  0.497561  
201  205  207  0.508805  
201  205  206  0.504448  
200  205  208  0.513173  
200  205  207  0.504791  
200  205  206  0.507020  
203  204  208  0.520770  
203  204  207  0.513813  
203  204  206  0.500430  
203  204  205  0.504293  
202  204  208  0.512832  
202  204  207  0.529125  
202  204  206  0.532126  
202  204  205  0.516981  
201  204  208  0.531702  
201  204  207  0.529030  
201  204  206  0.507996  
201  204  205  0.493308  
200  204  208  0.515725  
200  204  207  0.524330  
200  204  206  0.531077  
200  204  205  0.500383  
202  203  208  0.519751  
202  203  207  0.515703  
202  203  206  0.508374  
202  203  205  0.514404  
202  203  204  0.518551  
201  203  208  0.527463  
201  203  207  0.519786  
201  203  206  0.506962  
201  203  205  0.504019  
201  203  204  0.527718  
200  203  208  0.519457  
200  203  207  0.514572  
200  203  206  0.504542  
200  203  205  0.510204  
200  203  204  0.528458  
201  202  208  0.519345  
201  202  207  0.529619  
201  202  206  0.519540  
201  202  205  0.509140  
201  202  204  0.530012  
201  202  203  0.519237  
200  202  208  0.520450  
200  202  207  0.524701  
200  202  206  0.535713  
200  202  205  0.515226  
200  202  204  0.536192  
200  202  203  0.523258  
200  201  208  0.519203  
200  201  207  0.525023  
200  201  206  0.517223  
200  201  205  0.497548  
200  201  204  0.524584  
200  201  203  0.523352  
200  201  202  0.521185  
187  188  189  0.494390  
186  188  189  0.516947  
185  188  189  0.537930  
184  188  189  0.511776  
183  188  189  0.516260  
182  188  189  0.544702  
181  188  189  0.509510  
180  188  189  0.540196  
186  187  189  0.507978  
186  187  188  0.505586  
185  187  189  0.498899  
185  187  188  0.490059  
184  187  189  0.511855  
184  187  188  0.503939  
183  187  189  0.501032  
183  187  188  0.497303  
182  187  189  0.526497  
182  187  188  0.491031  
181  187  189  0.509770  
181  187  188  0.511242  
180  187  189  0.501277  
180  187  188  0.483629  
185  186  189  0.521574  
185  186  188  0.531986  
185  186  187  0.506082  
184  186  189  0.515542  
184  186  188  0.515261  
184  186  187  0.518358  
183  186  189  0.522445  
183  186  188  0.527238  
183  186  187  0.518171  
182  186  189  0.560902  
182  186  188  0.529462  
182  186  187  0.515771  
181  186  189  0.506188  
181  186  188  0.513938  
181  186  187  0.510355  
180  186  189  0.533934  
180  186  188  0.524411  
180  186  187  0.501880  
184  185  189  0.525894  
184  185  188  0.505621  
184  185  187  0.501950  
184  185  186  0.519969  
183  185  189  0.526345  
183  185  188  0.525993  
183  185  187  0.495785  
183  185  186  0.530094  
182  185  189  0.548770  
182  185  188  0.537867  
182  185  187  0.502647  
182  185  186  0.537535  
181  185  189  0.505374  
181  185  188  0.520101  
181  185  187  0.499449  
181  185  186  0.517115  
180  185  189  0.524999  
180  185  188  0.521741  
180  185  187  0.490470  
180  185  186  0.519452  
183  184  189  0.520388  
183  184  188  0.509106  
183  184  187  0.505814  
183  184  186  0.523098  
183  184  185  0.513241  
182  184  189  0.560258  
182  184  188  0.514980  
182  184  187  0.518640  
182  184  186  0.528547  
182  184  185  0.530475  
181  184  189  0.512229  
181  184  188  0.511779  
181  184  187  0.510496  
181  184  186  0.509843  
181  184  185  0.511584  
180  184  189  0.526797  
180  184  188  0.507752  
180  184  187  0.493815  
180  184  186  0.506870  
180  184  185  0.510846  
182  183  189  0.544345  
182  183  188  0.522218  
182  183  187  0.520287  
182  183  186  0.542732  
182  183  185  0.539726  
182  183  184  0.528843  
181  183  189  0.519493  
181  183  188  0.504807  
181  183  187  0.493183  
181  183  186  0.507693  
181  183  185  0.497867  
181  183  184  0.504376  
180  183  189  0.537918  
180  183  188  0.524384  
180  183  187  0.493577  
180  183  186  0.519450  
180  183  185  0.522850  
180  183  184  0.508446  
181  182  189  0.528774  
181  182  188  0.512238  
181  182  187  0.504210  
181  182  186  0.519569  
181  182  185  0.511994  
181  182  184  0.520002  
181  182  183  0.520605  
180  182  189  0.560403  
180  182  188  0.539967  
180  182  187  0.508926  
180  182  186  0.537676  
180  182  185  0.522061  
180  182  184  0.527327  
180  182  183  0.529454  
180  181  189  0.517027  
180  181  188  0.512632  
180  181  187  0.505740  
180  181  186  0.515945  
180  181  185  0.511223  
180  181  184  0.499924  
180  181  183  0.510092  
180  181  182  0.518554  
167  168  169  0.542677  
154  155  156  0.521658  
153  155  156  0.514331  
152  155  156  0.512327  
151  155  156  0.535723  
150  155  156  0.519007  
153  154  156  0.518398  
153  154  155  0.516746  
152  154  156  0.521209  
152  154  155  0.515813  
151  154  156  0.530463  
151  154  155  0.533623  
150  154  156  0.513412  
150  154  155  0.519475  
152  153  156  0.503635  
152  153  155  0.495268  
152  153  154  0.510474  
151  153  156  0.523075  
151  153  155  0.514857  
151  153  154  0.522578  
150  153  156  0.506237  
150  153  155  0.510442  
150  153  154  0.513360  
151  152  156  0.547686  
151  152  155  0.514492  
151  152  154  0.525404  
151  152  153  0.505743  
150  152  156  0.529878  
150  152  155  0.521825  
150  152  154  0.528215  
150  152  153  0.508683  
150  151  156  0.529647  
150  151  155  0.517910  
150  151  154  0.510301  
150  151  153  0.506979  
150  151  152  0.520571  
137  138  139  0.542771  
136  138  139  0.545374  
135  138  139  0.557812  
136  137  139  0.525937  
136  137  138  0.533420  
135  137  139  0.563477  
135  137  138  0.542655  
135  136  139  0.557796  
135  136  138  0.544860  
135  136  137  0.526505  
122  123  124  0.564604  
121  123  124  0.544720  
120  123  124  0.550091  
119  123  124  0.538013  
118  123  124  0.535247  
117  123  124  0.551441  
116  123  124  0.547060  
121  122  124  0.533436  
121  122  123  0.544713  
120  122  124  0.549708  
120  122  123  0.558942  
119  122  124  0.523132  
119  122  123  0.543542  
118  122  124  0.553166  
118  122  123  0.586856  
117  122  124  0.556187  
117  122  123  0.556678  
116  122  124  0.547447  
116  122  123  0.559916  
120  121  124  0.543679  
120  121  123  0.565331  
120  121  122  0.544883  
119  121  124  0.530166  
119  121  123  0.539383  
119  121  122  0.534577  
118  121  124  0.542855  
118  121  123  0.556026  
118  121  122  0.554041  
117  121  124  0.525584  
117  121  123  0.538465  
117  121  122  0.534346  
116  121  124  0.523530  
116  121  123  0.531265  
116  121  122  0.544474  
119  120  124  0.521068  
119  120  123  0.535159  
119  120  122  0.545892  
119  120  121  0.538375  
118  120  124  0.551915  
118  120  123  0.565319  
118  120  122  0.562131  
118  120  121  0.563583  
117  120  124  0.527995  
117  120  123  0.531351  
117  120  122  0.544753  
117  120  121  0.525868  
116  120  124  0.524958  
116  120  123  0.532474  
116  120  122  0.541437  
116  120  121  0.529167  
118  119  124  0.526602  
118  119  123  0.534668  
118  119  122  0.548320  
118  119  121  0.534859  
118  119  120  0.543701  
117  119  124  0.512797  
117  119  123  0.533349  
117  119  122  0.541936  
117  119  121  0.528955  
117  119  120  0.532991  
116  119  124  0.532475  
116  119  123  0.535261  
116  119  122  0.547245  
116  119  121  0.536303  
116  119  120  0.535455  
117  118  124  0.544812  
117  118  123  0.544490  
117  118  122  0.560954  
117  118  121  0.536338  
117  118  120  0.540977  
117  118  119  0.540072  
116  118  124  0.542692  
116  118  123  0.544141  
116  118  122  0.562098  
116  118  121  0.535198  
116  118  120  0.530350  
116  118  119  0.536061  
116  117  124  0.545720  
116  117  123  0.545715  
116  117  122  0.557246  
116  117  121  0.533709  
116  117  120  0.527296  
116  117  119  0.534747  
116  117  118  0.547512  
103  104  105  0.508572  
102  104  105  0.530909  
102  103  105  0.534320  
102  103  104  0.520906  
78  79  80  0.597985  
53  54  55  0.528258  
52  54  55  0.510438  
51  54  55  0.513338  
50  54  55  0.523396  
52  53  55  0.503837  
52  53  54  0.532736  
51  53  55  0.514576  
51  53  54  0.528655  
50  53  55  0.522737  
50  53  54  0.532988  
51  52  55  0.505462  
51  52  54  0.522253  
51  52  53  0.524766  
50  52  55  0.515924  
50  52  54  0.531610  
50  52  53  0.530105  
50  51  55  0.509735  
50  51  54  0.531971  
50  51  53  0.531173  
50  51  52  0.531958  
37  38  39  0.557735  
36  38  39  0.536532  
35  38  39  0.546982  
36  37  39  0.521889  
36  37  38  0.537736  
35  37  39  0.554479  
35  37  38  0.553637  
35  36  39  0.513682  
35  36  38  0.522809  
35  36  37  0.520492  
22  23  24  0.504383  
21  23  24  0.503954  
20  23  24  0.522673  
19  23  24  0.511303  
18  23  24  0.502113  
17  23  24  0.492917  
16  23  24  0.519177  
15  23  24  0.515015  
21  22  24  0.503493  
21  22  23  0.485281  
20  22  24  0.526587  
20  22  23  0.532207  
19  22  24  0.511743  
19  22  23  0.530299  
18  22  24  0.514680  
18  22  23  0.506330  
17  22  24  0.493707  
17  22  23  0.496487  
16  22  24  0.507996  
16  22  23  0.511817  
15  22  24  0.513402  
15  22  23  0.519311  
20  21  24  0.512046  
20  21  23  0.504522  
20  21  22  0.497063  
19  21  24  0.517515  
19  21  23  0.504787  
19  21  22  0.499383  
18  21  24  0.511415  
18  21  23  0.482293  
18  21  22  0.490425  
17  21  24  0.493309  
17  21  23  0.495788  
17  21  22  0.493595  
16  21  24  0.514466  
16  21  23  0.499749  
16  21  22  0.484546  
15  21  24  0.515850  
15  21  23  0.511315  
15  21  22  0.499551  
19  20  24  0.511001  
19  20  23  0.530417  
19  20  22  0.532819  
19  20  21  0.507363  
18  20  24  0.520941  
18  20  23  0.525284  
18  20  22  0.521174  
18  20  21  0.507191  
17  20  24  0.491922  
17  20  23  0.520700  
17  20  22  0.502862  
17  20  21  0.490959  
16  20  24  0.539883  
16  20  23  0.540638  
16  20  22  0.533239  
16  20  21  0.521708  
15  20  24  0.527370  
15  20  23  0.529490  
15  20  22  0.531847  
15  20  21  0.513868  
18  19  24  0.500777  
18  19  23  0.500720  
18  19  22  0.506021  
18  19  21  0.496697  
18  19  20  0.502144  
17  19  24  0.494990  
17  19  23  0.513451  
17  19  22  0.506497  
17  19  21  0.498550  
17  19  20  0.506097  
16  19  24  0.510409  
16  19  23  0.525115  
16  19  22  0.512996  
16  19  21  0.501560  
16  19  20  0.543953  
15  19  24  0.513197  
15  19  23  0.528291  
15  19  22  0.523970  
15  19  21  0.507446  
15  19  20  0.521225  
17  18  24  0.501024  
17  18  23  0.502601  
17  18  22  0.497920  
17  18  21  0.499294  
17  18  20  0.507263  
17  18  19  0.500477  
16  18  24  0.511562  
16  18  23  0.509625  
16  18  22  0.505679  
16  18  21  0.490382  
16  18  20  0.539481  
16  18  19  0.486165  
15  18  24  0.504011  
15  18  23  0.516673  
15  18  22  0.512671  
15  18  21  0.499518  
15  18  20  0.526575  
15  18  19  0.485066  
16  17  24  0.496717  
16  17  23  0.528372  
16  17  22  0.495429  
16  17  21  0.489245  
16  17  20  0.535204  
16  17  19  0.508705  
16  17  18  0.498511  
15  17  24  0.496057  
15  17  23  0.525352  
15  17  22  0.507612  
15  17  21  0.504681  
15  17  20  0.543767  
15  17  19  0.512580  
15  17  18  0.504582  
15  16  24  0.536985  
15  16  23  0.541604  
15  16  22  0.528135  
15  16  21  0.526653  
15  16  20  0.557492  
15  16  19  0.525928  
15  16  18  0.518343  
15  16  17  0.545850  
2  3  4  0.538123  
1  3  4  0.541387  
1  2  4  0.572595  
1  2  3  0.538886  

44
116  118  122  123  0.411891  
117  118  122  123  0.403978  
118  119  120  122  0.401947  
118  120  121  122  0.401659  
118  120  121  123  0.403171  
118  120  122  123  0.405962  
118  120  122  124  0.407545  
118  121  122  123  0.402422  
118  122  123  124  0.402324  
120  122  123  124  0.401564  
219  221  222  223  0.402549  
220  221  222  223  0.407067  
221  222  223  224  0.417707  
249  250  252  253  0.404234  
249  250  251  254  0.404794  
249  250  252  254  0.403849  
249  250  253  254  0.404123  
249  250  253  255  0.401050  
249  250  254  255  0.402635  
249  251  252  253  0.417283  
249  251  252  254  0.419880  
249  251  253  254  0.409390  
249  251  252  255  0.400798  
249  251  253  255  0.404267  
249  251  254  255  0.409419  
250  251  252  253  0.413038  
250  251  252  254  0.402775  
250  251  253  254  0.407050  
250  251  252  255  0.412109  
250  251  253  255  0.418771  
250  251  254  255  0.400357  
249  252  253  254  0.416999  
249  252  253  255  0.410715  
249  252  254  255  0.409587  
250  252  253  254  0.408605  
250  252  253  255  0.409805  
250  252  254  255  0.402457  
251  252  253  254  0.407140  
251  252  253  255  0.412809  
251  252  254  255  0.416676  
249  253  254  255  0.408298  
250  253  254  255  0.408905  
251  253  254  255  0.407195  
252  253  254  255  0.410772  

